#! FIELDS time height.z rgz
 0.000000     0.8637692490     0.2933133739
 1.000000     0.8614301856     0.3023381711
 2.000000     0.8442724998     0.2997884839
 3.000000     0.8656187741     0.2746006190
 4.000000     0.8680862248     0.2940609749
 5.000000     0.9053705628     0.2952635991
 6.000000     0.9145379057     0.2843635815
 7.000000     0.9217983446     0.2981897833
 8.000000     0.8932001229     0.2987737098
 9.000000     0.8748930620     0.3011282681
 10.000000     0.8596978790     0.2933192325
 11.000000     0.8899501198     0.2905178374
 12.000000     0.8805598858     0.2973495396
 13.000000     0.9087751103     0.2950291747
 14.000000     0.9365091662     0.2906840829
 15.000000     0.9096583469     0.3118988142
 16.000000     0.8995366705     0.2867553031
 17.000000     0.8916536355     0.2866131648
 18.000000     0.9146213879     0.2649319452
 19.000000     0.8770672394     0.2841382690
 20.000000     0.8841556827     0.2954028724
 21.000000     0.8713684525     0.2814772544
 22.000000     0.9000263854     0.2890511638
 23.000000     0.8768538995     0.2886726569
 24.000000     0.9283131461     0.2841284039
 25.000000     0.8735692749     0.2988782129
 26.000000     0.8709168823     0.2784773876
 27.000000     0.8555217153     0.2877066317
 28.000000     0.8974069777     0.2786665062
 29.000000     0.8677981970     0.2937062278
 30.000000     0.8481955530     0.2795402625
 31.000000     0.8966397198     0.2994014004
 32.000000     0.8657841099     0.2807315303
 33.000000     0.8912089760     0.3000210433
 34.000000     0.8777745624     0.2965802789
 35.000000     0.9020433548     0.2991233567
 36.000000     0.8890176845     0.2774465036
 37.000000     0.9079977580     0.2844633974
 38.000000     0.9408261692     0.2809209214
 39.000000     0.9114699193     0.3050761262
 40.000000     0.8989845702     0.3005513243
 41.000000     0.9526787928     0.2830669958
 42.000000     0.8901753144     0.2963080431
 43.000000     0.8971631164     0.2932572681
 44.000000     0.9568566230     0.2875675012
 45.000000     0.9578635496     0.2817259946
 46.000000     0.9880861295     0.2728375462
 47.000000     0.9770548423     0.2910230563
 48.000000     0.9043548452     0.2987244956
 49.000000     0.9758410159     0.2942428222
 50.000000     0.9547849621     0.2899732898
 51.000000     0.9760261873     0.2848130054
 52.000000     1.0415457361     0.2741029846
 53.000000     1.0026604757     0.2802766281
 54.000000     0.9802487073     0.2832941769
 55.000000     0.9669119565     0.2774637730
 56.000000     0.9550191716     0.2944190658
 57.000000     0.9779052117     0.2839984668
 58.000000     0.9717661197     0.2888092342
 59.000000     1.0117087631     0.2938219643
 60.000000     1.0063622898     0.2744036186
 61.000000     0.9766675796     0.2881189459
 62.000000     0.9851243884     0.2902385901
 63.000000     1.0268475085     0.2863602353
 64.000000     1.0467139258     0.2920732825
 65.000000     1.0302126504     0.2797880368
 66.000000     0.9835297219     0.2826232500
 67.000000     1.0160278325     0.2707848187
 68.000000     1.0194921668     0.2676918785
 69.000000     1.0372140480     0.2634136288
 70.000000     0.9995454839     0.2621447980
 71.000000     1.0100720069     0.2675667289
 72.000000     0.9562004423     0.2737918184
 73.000000     0.9895577151     0.2693026497
 74.000000     1.0793201872     0.2749356670
 75.000000     1.0288678137     0.2666236280
 76.000000     1.0201883138     0.2727156019
 77.000000     0.9856702199     0.2598265352
 78.000000     0.9907960765     0.2622137128
 79.000000     1.0236165542     0.2657567869
 80.000000     1.0203176455     0.2682837076
 81.000000     1.0310414395     0.2744062329
 82.000000     1.0350805714     0.2648184005
 83.000000     1.0774444733     0.2813759650
 84.000000     1.0953065478     0.2752160622
 85.000000     1.0941744836     0.2865667916
 86.000000     1.0987345991     0.2835883390
 87.000000     1.0564858021     0.2816408662
 88.000000     1.0175848935     0.2971437836
 89.000000     1.0677897981     0.2977177291
 90.000000     1.0441805140     0.2978728245
 91.000000     1.0888461400     0.3029675872
 92.000000     1.0719104786     0.2918916604
 93.000000     1.0774683027     0.2832985964
 94.000000     1.0460646460     0.2900295331
 95.000000     1.0367845153     0.2902756592
 96.000000     1.0105321874     0.2811059499
 97.000000     1.0330648363     0.2858061471
 98.000000     1.0340480264     0.2956794180
 99.000000     1.0438518845     0.2792887707
 100.000000     1.0572200986     0.2920347564
 101.000000     1.0829573807     0.2860502186
 102.000000     1.0427368021     0.2930442102
 103.000000     1.0636176896     0.2833077460
 104.000000     1.0332650113     0.2941443787
 105.000000     1.0522818810     0.2870644368
 106.000000     1.0320443797     0.2890534064
 107.000000     1.0527828988     0.2872312103
 108.000000     1.0608123057     0.2779231884
 109.000000     1.0423581107     0.2810470267
 110.000000     1.0005886915     0.2757033361
 111.000000     0.9965858573     0.2830062160
 112.000000     1.0129860710     0.2889427956
 113.000000     1.0553388497     0.2821233876
 114.000000     1.0516503761     0.2805317260
 115.000000     0.9587131470     0.2839426694
 116.000000     1.0092010351     0.2959979252
 117.000000     1.0081173269     0.2867348393
 118.000000     1.0332607886     0.2791663417
 119.000000     1.0497802902     0.2760745640
 120.000000     1.0076894918     0.2864054162
 121.000000     1.0436594468     0.2861568083
 122.000000     1.0364763854     0.2835423144
 123.000000     1.0470872892     0.2844764071
 124.000000     1.0755066866     0.2816123776
 125.000000     1.0353563804     0.2826984229
 126.000000     1.0164082628     0.2914864457
 127.000000     1.0068753782     0.2773520616
 128.000000     1.0215847058     0.2810641597
 129.000000     1.0007002159     0.2760007538
 130.000000     0.9938198255     0.2745828018
 131.000000     1.0150941118     0.2723082601
 132.000000     0.9619079185     0.2791016601
 133.000000     0.9727575931     0.2830816305
 134.000000     1.0300906453     0.2755236117
 135.000000     1.0181528903     0.2859853774
 136.000000     1.0103109477     0.2818286656
 137.000000     0.9942483830     0.2787814326
 138.000000     0.9855233988     0.2794943220
 139.000000     0.9716688161     0.2868882363
 140.000000     1.0022962796     0.2796056041
 141.000000     0.9674142945     0.2787789256
 142.000000     1.0136996619     0.2680242689
 143.000000     1.0382445218     0.2895776289
 144.000000     0.9950657462     0.2775536787
 145.000000     1.0092746194     0.2824085767
 146.000000     0.9999925107     0.2709354972
 147.000000     0.9991687844     0.2762777604
 148.000000     0.9942297280     0.2695353061
 149.000000     1.0132071398     0.2781465683
 150.000000     0.9716755434     0.2713914898
 151.000000     0.9183221539     0.2647729395
 152.000000     0.9668632779     0.2653727605
 153.000000     0.9567900872     0.2776611701
 154.000000     0.9416082116     0.2871351569
 155.000000     0.9791024697     0.2791075561
 156.000000     0.9829670879     0.2789467426
 157.000000     1.0163262511     0.2722604498
 158.000000     0.9241100137     0.2585848714
 159.000000     0.9435706524     0.2849458223
 160.000000     0.9939546678     0.2809825541
 161.000000     1.0324914805     0.2676896726
 162.000000     0.9940478298     0.2792923530
 163.000000     1.0048545208     0.2758689225
 164.000000     1.0373202916     0.2843582660
 165.000000     1.0419753368     0.2720647689
 166.000000     1.0033118180     0.2795386200
 167.000000     1.0080108249     0.2810818754
 168.000000     1.0209380270     0.2686552790
 169.000000     1.0013165564     0.2661098652
 170.000000     0.9613191457     0.2869771295
 171.000000     1.0069136154     0.2848031495
 172.000000     0.9713332025     0.2762372859
 173.000000     0.9611085480     0.2777694610
 174.000000     1.0124004901     0.2703643594
 175.000000     1.0140116033     0.2898508652
 176.000000     1.0270598953     0.2881205990
 177.000000     1.0254156691     0.2836959864
 178.000000     1.0214638352     0.2796404670
 179.000000     1.0257115252     0.2731041906
 180.000000     0.9950777017     0.2868200600
 181.000000     1.0175263548     0.2649380869
 182.000000     0.9756015458     0.2797180455
 183.000000     1.0112680758     0.2645565194
 184.000000     1.0217027150     0.2723414467
 185.000000     1.0172348670     0.2784445347
 186.000000     1.0251598662     0.2774333326
 187.000000     0.9915791216     0.2765297365
 188.000000     1.0383557401     0.2651832375
 189.000000     1.0271233299     0.2778725582
 190.000000     1.0300873568     0.2713696504
 191.000000     1.0168803769     0.2703664861
 192.000000     0.9901518368     0.2741210775
 193.000000     0.9528195233     0.2679027247
 194.000000     0.9713102473     0.2864255206
 195.000000     0.9415595081     0.2723208089
 196.000000     0.9475241845     0.2595749160
 197.000000     0.9251177857     0.2643215377
 198.000000     0.9664735425     0.2684236074
 199.000000     0.9529629695     0.2732321883
 200.000000     0.9499671785     0.2718839737
 201.000000     0.9758638887     0.2692664658
 202.000000     0.9920301955     0.2803932966
 203.000000     0.9660484772     0.2772218538
 204.000000     0.9496770486     0.2705092307
 205.000000     0.9737204851     0.2731677149
 206.000000     1.0031016184     0.2777114806
 207.000000     0.9389521076     0.2726224401
 208.000000     0.9207559688     0.2699136038
 209.000000     0.8877197949     0.2640524124
 210.000000     0.9530965804     0.2564637514
 211.000000     0.9623839405     0.2616391283
 212.000000     0.9387665888     0.2598548963
 213.000000     0.9629930724     0.2593229905
 214.000000     0.9407061742     0.2548079581
 215.000000     0.9565360403     0.2603250153
 216.000000     0.9647992131     0.2538961881
 217.000000     0.9460667480     0.2622479134
 218.000000     0.9574049625     0.2603116099
 219.000000     0.9391293589     0.2688120474
 220.000000     0.9419515774     0.2663828099
 221.000000     0.9873527374     0.2654730885
 222.000000     0.9691247467     0.2753113337
 223.000000     1.0363867917     0.2754955535
 224.000000     1.0389795409     0.2608761532
 225.000000     1.0439857303     0.2634085405
 226.000000     1.0228685856     0.2638273040
 227.000000     0.9920635366     0.2718338100
 228.000000     1.0131483152     0.2660249877
 229.000000     1.0612227656     0.2674001769
 230.000000     1.0516738697     0.2844471553
 231.000000     1.0247722914     0.2746723624
 232.000000     1.0139791395     0.2760886222
 233.000000     1.0346052869     0.2700459232
 234.000000     1.0251187941     0.2778421080
 235.000000     1.0762320516     0.2839033617
 236.000000     0.9627659559     0.2797043159
 237.000000     1.0225205470     0.2693120155
 238.000000     1.0308101523     0.2672068200
 239.000000     1.0328079878     0.2687878842
 240.000000     0.9978958973     0.2840628177
 241.000000     0.9711358666     0.2749886152
 242.000000     0.8686654490     0.2699130465
 243.000000     0.9026014467     0.2801367721
 244.000000     0.9394591791     0.2793798852
 245.000000     0.9342820124     0.2703072572
 246.000000     0.9935035776     0.2676144468
 247.000000     0.9888870237     0.2698605614
 248.000000     0.8937202952     0.2746823992
 249.000000     0.9491675480     0.2665010504
 250.000000     0.9498914953     0.2762032798
 251.000000     0.9701435956     0.2769118812
 252.000000     0.9543148659     0.2729252718
 253.000000     0.8898703691     0.2878025659
 254.000000     0.8986965778     0.2820740925
 255.000000     0.8968561608     0.2635272954
 256.000000     0.9356252143     0.2635323112
 257.000000     0.9415389032     0.2710742044
 258.000000     0.9611395226     0.2718253462
 259.000000     1.0073148586     0.2873365332
 260.000000     1.0684716041     0.2822928692
 261.000000     1.0579854684     0.2851460425
 262.000000     1.0183174116     0.2760514181
 263.000000     0.9834208318     0.2804340362
 264.000000     1.0111547459     0.2719586463
 265.000000     1.0565042111     0.2649236033
 266.000000     1.0379224435     0.2713426518
 267.000000     1.0939449156     0.2895602344
 268.000000     1.0408183817     0.2789726902
 269.000000     1.0510442066     0.2805533825
 270.000000     1.0618985180     0.2785365174
 271.000000     1.0479763622     0.2721262933
 272.000000     1.1012791072     0.2792470822
 273.000000     1.0301154356     0.2839366329
 274.000000     1.0814867670     0.2876472920
 275.000000     1.0390923546     0.2915810268
 276.000000     1.1095867344     0.2701960706
 277.000000     1.0723255534     0.2781429793
 278.000000     1.0792888741     0.2833761307
 279.000000     1.0408800891     0.2901727299
 280.000000     1.0694423201     0.2915705529
 281.000000     1.0901656123     0.2866543318
 282.000000     1.0681480141     0.2843700595
 283.000000     1.0114787414     0.2692806904
 284.000000     1.0613684003     0.2814569775
 285.000000     0.9771905262     0.2837874196
 286.000000     1.0095050860     0.3008919984
 287.000000     1.0174771893     0.2913489458
 288.000000     1.0197318691     0.2682065654
 289.000000     1.0048549544     0.2766557687
 290.000000     1.0225537111     0.2958103916
 291.000000     1.0558221080     0.2800929965
 292.000000     0.9757178950     0.2845323954
 293.000000     1.0318316396     0.2681556035
 294.000000     1.0118523765     0.2698605388
 295.000000     1.0264006017     0.2717283035
 296.000000     0.9913702211     0.2726507712
 297.000000     0.9709817661     0.2806083393
 298.000000     0.9356027029     0.2846326788
 299.000000     1.0152113078     0.2681387875
 300.000000     0.9543843604     0.2810559317
 301.000000     0.9644534334     0.2932013722
 302.000000     0.9567593137     0.2801788569
 303.000000     0.9900728844     0.2833329626
 304.000000     0.9519168217     0.2894459076
 305.000000     0.9529292582     0.2989933205
 306.000000     0.9719923583     0.2905208590
 307.000000     0.9808309506     0.2918931595
 308.000000     0.9491876106     0.2874655370
 309.000000     0.9816215766     0.2799657903
 310.000000     0.9789257232     0.2958373393
 311.000000     0.9526295378     0.2841849269
 312.000000     0.9379897778     0.2874463982
 313.000000     0.8774401778     0.2835743882
 314.000000     0.9135972507     0.3015688944
 315.000000     0.9722723097     0.2794243398
 316.000000     0.9380530306     0.2925672938
 317.000000     0.9714191290     0.2815731116
 318.000000     0.9345923049     0.2913443590
 319.000000     0.8972041618     0.2914035843
 320.000000     0.9448043630     0.2838744733
 321.000000     0.9607069786     0.3007859894
 322.000000     0.9432910445     0.2811662716
 323.000000     0.9595741301     0.2949861033
 324.000000     0.8873456370     0.2985324402
 325.000000     0.9414660730     0.2918554095
 326.000000     0.8788582165     0.2981087795
 327.000000     0.9619475347     0.2777379882
 328.000000     0.9513518938     0.2970671208
 329.000000     0.9691723219     0.2888361998
 330.000000     0.9234631004     0.2770571455
 331.000000     0.9102334462     0.2802093156
 332.000000     0.9229258535     0.2915577238
 333.000000     0.9075082771     0.2802963554
 334.000000     0.8864802648     0.3005460679
 335.000000     0.8961250425     0.3080310308
 336.000000     0.8959623890     0.3091322912
 337.000000     0.9189452469     0.2900188967
 338.000000     0.9110042487     0.2937503496
 339.000000     0.9122585770     0.3018281133
 340.000000     0.9066016136     0.2817291658
 341.000000     0.9709141393     0.2742747903
 342.000000     0.9632311746     0.2831512407
 343.000000     0.9839497921     0.2863744681
 344.000000     0.9682411931     0.2796352371
 345.000000     0.9468824227     0.2900948956
 346.000000     0.9312504866     0.2959406354
 347.000000     0.9807732481     0.2798400482
 348.000000     0.9833751870     0.2856383176
 349.000000     0.9280130575     0.3022150497
 350.000000     0.9353292094     0.2965515125
 351.000000     0.9654199291     0.2983991887
 352.000000     0.9863055429     0.3005433373
 353.000000     0.9801859059     0.2915899710
 354.000000     1.0084638767     0.2934213839
 355.000000     0.9631329073     0.2956429469
 356.000000     0.9958780880     0.3000516551
 357.000000     0.9942661248     0.3129487580
 358.000000     0.9719943091     0.2910890241
 359.000000     0.9466470412     0.3057493411
 360.000000     0.9357114020     0.3041651172
 361.000000     0.9603656929     0.2967779548
 362.000000     0.9476222031     0.3015531172
 363.000000     0.9235989413     0.2909238768
 364.000000     0.9718376418     0.3017635704
 365.000000     0.9414048754     0.2859720645
 366.000000     0.9114496857     0.2893504250
 367.000000     0.9943685800     0.3007991840
 368.000000     0.9676601855     0.2958129905
 369.000000     0.9621486745     0.2995885376
 370.000000     1.0183863737     0.2917175083
 371.000000     0.9856682805     0.2833053776
 372.000000     1.0378566228     0.2824239913
 373.000000     1.0234673582     0.2886888795
 374.000000     1.0316902307     0.2871379848
 375.000000     1.0692162519     0.2703678997
 376.000000     1.0248526146     0.2782856942
 377.000000     1.0223237448     0.2670003451
 378.000000     1.0314243135     0.2780058105
 379.000000     0.9892116924     0.2711353927
 380.000000     1.0303091944     0.2688278546
 381.000000     1.0557833896     0.2708602052
 382.000000     1.0215016913     0.2591485762
 383.000000     1.0428206900     0.2726412548
 384.000000     1.0225435360     0.2732663511
 385.000000     1.0812875792     0.2742720638
 386.000000     1.0345377580     0.2836933240
 387.000000     1.0251638437     0.2707070122
 388.000000     1.0310372261     0.2914750378
 389.000000     1.0586556651     0.2802975537
 390.000000     0.9836439133     0.2841322278
 391.000000     0.9718706853     0.2693363466
 392.000000     0.9853104572     0.2919709509
 393.000000     0.9855361239     0.2839879582
 394.000000     0.9474159320     0.2835678815
 395.000000     0.9834991691     0.2709898744
 396.000000     1.0025644868     0.2719531053
 397.000000     0.9871784176     0.2800589605
 398.000000     0.9483602029     0.2747998950
 399.000000     0.9210488087     0.2822211827
 400.000000     0.9992030871     0.2767579198
 401.000000     0.9810474439     0.2765741720
 402.000000     1.0017180312     0.2820270962
 403.000000     1.0075483442     0.2827985704
 404.000000     0.9836666374     0.2672964845
 405.000000     0.9805957388     0.2765162795
 406.000000     1.0015145528     0.2641053025
 407.000000     0.9750530042     0.2738078111
 408.000000     0.9849664177     0.2786414144
 409.000000     0.9929012345     0.2585262604
 410.000000     0.9549603042     0.2856626974
 411.000000     0.9594360928     0.2795169044
 412.000000     0.9492944427     0.2759440924
 413.000000     0.9802288748     0.2720386815
 414.000000     0.9826800701     0.2764140222
 415.000000     1.0313684134     0.2842988461
 416.000000     1.0251251703     0.2745219855
 417.000000     0.9964609433     0.2850295929
 418.000000     1.0115822984     0.2721665152
 419.000000     0.9902598906     0.2863550065
 420.000000     1.0232959424     0.2854902755
 421.000000     1.0200727823     0.2703250078
 422.000000     1.0275188389     0.2656119625
 423.000000     1.0191234347     0.2641372673
 424.000000     1.0239646767     0.2729822795
 425.000000     1.0328133066     0.2665928698
 426.000000     1.0155619382     0.2759649831
 427.000000     0.9814171014     0.2761795485
 428.000000     0.9979171789     0.2644535081
 429.000000     1.0250916298     0.2720130492
 430.000000     0.9973289841     0.2651929878
 431.000000     1.0049476732     0.2737028777
 432.000000     1.0300218884     0.2688635045
 433.000000     0.9979672691     0.2818462466
 434.000000     0.9472339601     0.2653148324
 435.000000     0.9739548762     0.2817582173
 436.000000     0.9970141087     0.2612897505
 437.000000     1.0217472510     0.2698335538
 438.000000     1.0223746416     0.2786014823
 439.000000     0.9694047381     0.2605919798
 440.000000     1.0265432024     0.2721971173
 441.000000     1.0218348389     0.2695790841
 442.000000     0.9929414704     0.2685375784
 443.000000     0.9566844142     0.2740162143
 444.000000     0.9707389765     0.2782434657
 445.000000     0.9463004989     0.2648844918
 446.000000     0.9097693097     0.2874792880
 447.000000     0.8930442679     0.2899902914
 448.000000     0.8991184014     0.2973688115
 449.000000     0.9535532027     0.2787401723
 450.000000     0.9282614648     0.2840929047
 451.000000     0.8923005552     0.2915026256
 452.000000     0.9737051614     0.2849253761
 453.000000     0.9603911399     0.2669786294
 454.000000     0.9581895550     0.2797583463
 455.000000     1.0041640768     0.2870741248
 456.000000     0.9340574121     0.2841601634
 457.000000     0.9376195154     0.2871814839
 458.000000     0.9333381970     0.2770585415
 459.000000     0.9299422276     0.2767038082
 460.000000     0.9144363367     0.2784643721
 461.000000     0.9004637633     0.2805292128
 462.000000     0.8779392517     0.2721104221
 463.000000     0.8976260783     0.2846428721
 464.000000     0.8800828612     0.2894459040
 465.000000     0.9027236874     0.2866759648
 466.000000     0.8864216757     0.2861097561
 467.000000     0.9240994012     0.2749232367
 468.000000     0.9301334149     0.2759073025
 469.000000     0.8847320235     0.2889265554
 470.000000     0.9502928011     0.2772900323
 471.000000     0.9100339915     0.2764642347
 472.000000     0.8989639769     0.2734985414
 473.000000     0.9254860026     0.2815242152
 474.000000     0.9317922990     0.2785398035
 475.000000     0.9185030508     0.2854457273
 476.000000     0.9052897069     0.2729674182
 477.000000     0.9120379054     0.2745019315
 478.000000     0.9001797202     0.2628479182
 479.000000     0.8763798151     0.2767498551
 480.000000     0.8853565653     0.2688285385
 481.000000     0.8867653304     0.2716865764
 482.000000     0.8993519454     0.2689203225
 483.000000     0.8730114274     0.2694647263
 484.000000     0.9356258655     0.2713970165
 485.000000     0.9125728164     0.2697616515
 486.000000     0.8876966023     0.2623533566
 487.000000     0.8872884403     0.2692904954
 488.000000     0.9260123758     0.2678167256
 489.000000     0.9429930862     0.2608454318
 490.000000     0.9216461149     0.2593965055
 491.000000     0.9136465615     0.2476305246
 492.000000     0.9242565408     0.2642544403
 493.000000     0.9230875849     0.2567100382
 494.000000     0.8984539972     0.2548333543
 495.000000     0.9096811143     0.2760857914
 496.000000     0.9318603746     0.2427414947
 497.000000     0.9109257016     0.2692434780
 498.000000     0.9133897206     0.2579173222
 499.000000     0.8894099493     0.2636747493
 500.000000     0.9221289170     0.2714325472
