#! FIELDS time height.z rgz
 0.000000     1.3989024453     0.2261649795
 1.000000     1.3409543196     0.2460975979
 2.000000     1.3081778704     0.2494614335
 3.000000     1.2735350214     0.2411829840
 4.000000     1.2624435834     0.2244170843
 5.000000     1.2663464295     0.2332933160
 6.000000     1.2782150518     0.2368820981
 7.000000     1.2632187468     0.2198300125
 8.000000     1.2784283320     0.2364831269
 9.000000     1.2356168086     0.2160824176
 10.000000     1.2849746363     0.2293309381
 11.000000     1.2933666390     0.2277001371
 12.000000     1.2811591344     0.2408793693
 13.000000     1.2466092679     0.2221775524
 14.000000     1.2925984596     0.2203219446
 15.000000     1.2472379571     0.2164043125
 16.000000     1.2322854997     0.2295827029
 17.000000     1.2314880496     0.1994110472
 18.000000     1.2130601487     0.1833414089
 19.000000     1.2417811462     0.1724980836
 20.000000     1.2183853807     0.1717614740
 21.000000     1.2288703288     0.1821630940
 22.000000     1.1985863502     0.1884618523
 23.000000     1.1710617382     0.1830694806
 24.000000     1.2137934144     0.1903254485
 25.000000     1.1895363552     0.1876804375
 26.000000     1.1800584794     0.1885707145
 27.000000     1.1697192546     0.1929769935
 28.000000     1.1870893062     0.1924585947
 29.000000     1.1853054137     0.1999554789
 30.000000     1.1483854912     0.2159007811
 31.000000     1.1729028334     0.2029658906
 32.000000     1.1972407782     0.2060827335
 33.000000     1.2139841494     0.1987445644
 34.000000     1.1838332873     0.2114076257
 35.000000     1.2078905433     0.1802738944
 36.000000     1.1940148179     0.1899011216
 37.000000     1.2093064206     0.1884987531
 38.000000     1.1678364140     0.1834973072
 39.000000     1.1812774842     0.1939433996
 40.000000     1.2063254461     0.1975224672
 41.000000     1.1837189806     0.2005791961
 42.000000     1.2166197082     0.1899496308
 43.000000     1.1709786619     0.2227603899
 44.000000     1.1744394811     0.2359865059
 45.000000     1.2007458448     0.2280601712
 46.000000     1.2144917295     0.1995233017
 47.000000     1.1787820538     0.1866361553
 48.000000     1.1557384150     0.2093648897
 49.000000     1.1728455399     0.1963376611
 50.000000     1.2162753265     0.2301488611
 51.000000     1.1779714840     0.2060807796
 52.000000     1.1585875125     0.2229460850
 53.000000     1.1653744028     0.2062605089
 54.000000     1.1903332941     0.2251364956
 55.000000     1.2007007500     0.2330392671
 56.000000     1.2006410081     0.2287677271
 57.000000     1.2136315286     0.2336654389
 58.000000     1.1979253395     0.2211553345
 59.000000     1.1776128912     0.2232873526
 60.000000     1.2038479490     0.2268649786
 61.000000     1.2360902022     0.2326371939
 62.000000     1.2221415805     0.2313708225
 63.000000     1.1833478389     0.2271300959
 64.000000     1.2212217681     0.2144696940
 65.000000     1.1658788329     0.1991067485
 66.000000     1.1495839124     0.2073393293
 67.000000     1.1678626034     0.1786644045
 68.000000     1.1529932398     0.1961546239
 69.000000     1.1691284598     0.1671984698
 70.000000     1.1384084060     0.1569779082
 71.000000     1.1308050049     0.1706489354
 72.000000     1.1352817259     0.1628392724
 73.000000     1.1180085378     0.1563084414
 74.000000     1.1464260949     0.1805598027
 75.000000     1.1053452530     0.1654006965
 76.000000     1.1479367930     0.1727114472
 77.000000     1.1436202276     0.1686846046
 78.000000     1.1399301971     0.1597845140
 79.000000     1.1320359759     0.1634926937
 80.000000     1.1577271740     0.1638136706
 81.000000     1.1839610924     0.1741525779
 82.000000     1.1492296259     0.1551720663
 83.000000     1.1799177442     0.1434201300
 84.000000     1.1499752602     0.1713940948
 85.000000     1.1696506993     0.1697711214
 86.000000     1.1529413228     0.1784607690
 87.000000     1.1521401554     0.1854442162
 88.000000     1.1583076796     0.1657962612
 89.000000     1.2062318016     0.1670758934
 90.000000     1.1582657276     0.1630166274
 91.000000     1.1711873433     0.1690218652
 92.000000     1.1865295325     0.1742348332
 93.000000     1.1608126957     0.1686670272
 94.000000     1.1695969781     0.1719302522
 95.000000     1.1192684793     0.1597503371
 96.000000     1.1694942031     0.1786510331
 97.000000     1.1751366122     0.1930420062
 98.000000     1.1900686841     0.1918655629
 99.000000     1.1568671942     0.1637378243
 100.000000     1.1478674190     0.1485509142
 101.000000     1.1566369706     0.1486055894
 102.000000     1.1767855700     0.1475619321
 103.000000     1.1485922753     0.1578772385
 104.000000     1.1463866962     0.1609552728
 105.000000     1.1835339403     0.1759574423
 106.000000     1.1586367582     0.1660246912
 107.000000     1.1856162290     0.1773875597
 108.000000     1.1807766552     0.1749324351
 109.000000     1.1860861166     0.1670073676
 110.000000     1.1312031730     0.1481544976
 111.000000     1.1457813944     0.1610825264
 112.000000     1.1703090123     0.1695028517
 113.000000     1.1770636407     0.1758114460
 114.000000     1.2181097354     0.1650964852
 115.000000     1.1894519398     0.1441507122
 116.000000     1.1867801438     0.1533731256
 117.000000     1.1900161651     0.1542888857
 118.000000     1.1940705620     0.1575644886
 119.000000     1.2082792912     0.1657662637
 120.000000     1.1916635054     0.1690120430
 121.000000     1.1919388752     0.1524222743
 122.000000     1.1602862956     0.1421284810
 123.000000     1.1385984902     0.1418399859
 124.000000     1.1414480387     0.1411461581
 125.000000     1.1610427060     0.1566605009
 126.000000     1.1684891500     0.1450220117
 127.000000     1.1507771527     0.1577947867
 128.000000     1.2102948804     0.1539923579
 129.000000     1.1747249333     0.1519247669
 130.000000     1.1964213727     0.1505804459
 131.000000     1.1846898605     0.1616135321
 132.000000     1.1353821350     0.1480628964
 133.000000     1.1756694247     0.1567555978
 134.000000     1.2142484675     0.1625967429
 135.000000     1.1379830279     0.1726068016
 136.000000     1.1252007475     0.1591402654
 137.000000     1.1568655322     0.1643376111
 138.000000     1.2234686790     0.1890266544
 139.000000     1.1754466686     0.1710698368
 140.000000     1.1122648425     0.1598281809
 141.000000     1.1360705151     0.1584387771
 142.000000     1.1519265398     0.1614270115
 143.000000     1.1498572500     0.1535033411
 144.000000     1.1997263778     0.1571095405
 145.000000     1.1256456895     0.1637336475
 146.000000     1.1099278170     0.1558242949
 147.000000     1.1125664492     0.1440306629
 148.000000     1.1305295307     0.1521217720
 149.000000     1.1488279674     0.1600799984
 150.000000     1.1394625032     0.1652360950
 151.000000     1.1368952874     0.1628708577
 152.000000     1.1481817072     0.1479748387
 153.000000     1.1223413039     0.1554965950
 154.000000     1.1498613200     0.1708142237
 155.000000     1.1343383163     0.1656020579
 156.000000     1.1382408664     0.1667003671
 157.000000     1.1562054486     0.1530714423
 158.000000     1.1498659311     0.1515468744
 159.000000     1.1686166222     0.1456786504
 160.000000     1.1018285133     0.1412367357
 161.000000     1.1228664798     0.1412775334
 162.000000     1.1395169061     0.1445617471
 163.000000     1.0827623435     0.1474069452
 164.000000     1.1597872639     0.1630039488
 165.000000     1.1776034741     0.1699739227
 166.000000     1.1875693517     0.1802725159
 167.000000     1.1727447859     0.1524638698
 168.000000     1.1761458307     0.1785924398
 169.000000     1.1776581650     0.1487999849
 170.000000     1.1898113605     0.1822547375
 171.000000     1.1460890248     0.1794170142
 172.000000     1.1100682336     0.1754009832
 173.000000     1.1146258306     0.1586258405
 174.000000     1.1120756541     0.1493704158
 175.000000     1.0562176938     0.1453801615
 176.000000     1.0877266369     0.1464753079
 177.000000     1.1153121076     0.1529236235
 178.000000     1.1320539251     0.1389868230
 179.000000     1.1345520453     0.1494721043
 180.000000     1.0886325119     0.1376131924
 181.000000     1.0898668434     0.1435681419
 182.000000     1.1121988518     0.1589787639
 183.000000     1.1241852870     0.1414050650
 184.000000     1.1629065422     0.1449107793
 185.000000     1.1821760189     0.1526062999
 186.000000     1.1544270730     0.1499291131
 187.000000     1.1823992107     0.1576968168
 188.000000     1.1511645686     0.1388331015
 189.000000     1.1240879516     0.1348354605
 190.000000     1.1782105186     0.1321197965
 191.000000     1.1217734880     0.1340665763
 192.000000     1.1632995885     0.1293419745
 193.000000     1.1294763181     0.1325993723
 194.000000     1.1241190385     0.1337543349
 195.000000     1.1167774375     0.1259035052
 196.000000     1.0691965412     0.1314338454
 197.000000     1.1315241731     0.1302738683
 198.000000     1.0923155344     0.1352385813
 199.000000     1.1441408488     0.1413211485
 200.000000     1.1392134810     0.1439985564
 201.000000     1.1311054982     0.1459579576
 202.000000     1.1091599489     0.1357320536
 203.000000     1.0655081691     0.1256468288
 204.000000     1.0950225967     0.1307224390
 205.000000     1.1475541813     0.1317594170
 206.000000     1.1348780664     0.1322099154
 207.000000     1.1286026410     0.1355042875
 208.000000     1.1249933447     0.1344554472
 209.000000     1.1259920079     0.1401116940
 210.000000     1.1559397230     0.1380323481
 211.000000     1.1893389526     0.1366367020
 212.000000     1.1459011866     0.1406329811
 213.000000     1.1163070605     0.1322823570
 214.000000     1.1122247552     0.1281891576
 215.000000     1.1147879158     0.1343512116
 216.000000     1.1056931289     0.1308395465
 217.000000     1.0806970553     0.1386115680
 218.000000     1.0526921404     0.1417228737
 219.000000     1.1247980377     0.1317146802
 220.000000     1.0983691837     0.1274909105
 221.000000     1.0559647329     0.1313700872
 222.000000     1.0317341599     0.1307940612
 223.000000     1.0532044862     0.1339137489
 224.000000     1.0899012214     0.1312423520
 225.000000     1.0410414704     0.1319716242
 226.000000     1.0550008116     0.1335428736
 227.000000     1.0746018270     0.1328089600
 228.000000     1.0628498248     0.1447496004
 229.000000     1.0880052414     0.1466794325
 230.000000     1.0949855269     0.1331899744
 231.000000     1.0877948720     0.1349119480
 232.000000     1.0577498982     0.1333785828
 233.000000     1.0493045123     0.1296447597
 234.000000     1.0502403553     0.1346287844
 235.000000     1.0443518581     0.1459966480
 236.000000     1.0621432069     0.1323361646
 237.000000     1.0512109818     0.1369389647
 238.000000     1.0184875545     0.1340685859
 239.000000     1.0502052381     0.1345964919
 240.000000     1.0701025739     0.1305252402
 241.000000     1.0822056110     0.1315916681
 242.000000     1.0483082900     0.1354127787
 243.000000     1.0300539229     0.1379207489
 244.000000     1.0013244274     0.1347776657
 245.000000     1.0446859117     0.1479350501
 246.000000     1.0369511619     0.1556787398
 247.000000     1.0412614770     0.1485726948
 248.000000     1.0332023467     0.1555728066
 249.000000     1.0975483963     0.1588298580
 250.000000     1.0849942709     0.1539355296
 251.000000     1.0459035504     0.1468000446
 252.000000     1.0910474548     0.1530231398
 253.000000     1.1133491994     0.1461574891
 254.000000     1.0393615971     0.1492165071
 255.000000     1.0846826242     0.1377390729
 256.000000     1.1230500370     0.1379378098
 257.000000     1.0577017959     0.1417531718
 258.000000     1.0744436030     0.1276162362
 259.000000     1.0963622505     0.1250955659
 260.000000     1.0985530792     0.1285740096
 261.000000     1.1285690837     0.1263518851
 262.000000     1.1054914207     0.1277373666
 263.000000     1.0957212889     0.1337902100
 264.000000     1.0616594345     0.1273401092
 265.000000     1.0709167049     0.1236368581
 266.000000     1.0932821669     0.1248219338
 267.000000     1.0546223977     0.1332823877
 268.000000     1.1106410411     0.1360277282
 269.000000     1.0790349109     0.1390382604
 270.000000     1.0768036374     0.1354249632
 271.000000     1.0791063119     0.1379661926
 272.000000     1.1010090450     0.1412153027
 273.000000     1.0905580004     0.1404021317
 274.000000     1.0930944541     0.1330352744
 275.000000     1.0592563432     0.1292878658
 276.000000     1.0621075447     0.1288112687
 277.000000     1.0850398152     0.1265573905
 278.000000     1.0422551683     0.1271841240
 279.000000     1.0450794924     0.1251956256
 280.000000     1.0265537957     0.1290231796
 281.000000     1.0496739148     0.1284261088
 282.000000     1.0679963917     0.1286528208
 283.000000     1.0343553194     0.1332367287
 284.000000     1.0877195045     0.1330989881
 285.000000     1.0903532006     0.1311930230
 286.000000     1.0779343467     0.1354305426
 287.000000     1.1348115378     0.1448280908
 288.000000     1.1057997075     0.1405729961
 289.000000     1.1210282226     0.1357966915
 290.000000     1.1136578760     0.1315198080
 291.000000     1.0926878924     0.1352005442
 292.000000     1.1371204812     0.1384219501
 293.000000     1.1101501369     0.1511612832
 294.000000     1.0851811681     0.1435849352
 295.000000     1.1406635965     0.1474263333
 296.000000     1.1328513861     0.1487285956
 297.000000     1.1279403523     0.1543710706
 298.000000     1.1399736203     0.1571700642
 299.000000     1.1052766469     0.1547013725
 300.000000     1.0747564674     0.1495974684
 301.000000     1.0831515902     0.1459290685
 302.000000     1.1069875606     0.1458549105
 303.000000     1.0852867815     0.1368853681
 304.000000     1.1068393969     0.1447538708
 305.000000     1.1017708911     0.1564602722
 306.000000     1.1119768144     0.1678500473
 307.000000     1.1440934480     0.1548668306
 308.000000     1.0729530000     0.1283481841
 309.000000     1.0675266254     0.1291111012
 310.000000     1.1452244629     0.1414472683
 311.000000     1.0614986029     0.1389652691
 312.000000     1.1101488789     0.1320564109
 313.000000     1.1056425298     0.1437139283
 314.000000     1.1269537664     0.1433349217
 315.000000     1.1299678083     0.1312280966
 316.000000     1.0786457195     0.1440901857
 317.000000     1.1156346649     0.1455107201
 318.000000     1.1308775567     0.1360528082
 319.000000     1.1356062459     0.1368501640
 320.000000     1.1380266514     0.1596838202
 321.000000     1.1183744977     0.1727022457
 322.000000     1.1235852065     0.1661371627
 323.000000     1.1117942368     0.1598036110
 324.000000     1.1340002345     0.1564483638
 325.000000     1.1062897733     0.1619769270
 326.000000     1.0959247511     0.1867349918
 327.000000     1.0987238396     0.1692358862
 328.000000     1.1292951282     0.1678615933
 329.000000     1.1218406111     0.1524948804
 330.000000     1.1433869349     0.1577859367
 331.000000     1.1278453550     0.1626587443
 332.000000     1.1220664468     0.1671240216
 333.000000     1.1586034192     0.1755238722
 334.000000     1.1255347614     0.1786791597
 335.000000     1.1436435090     0.1761934770
 336.000000     1.1095249505     0.1682196690
 337.000000     1.1104795920     0.1782066830
 338.000000     1.1234592672     0.1842479350
 339.000000     1.0931849514     0.1686100738
 340.000000     1.1507538893     0.1654049080
 341.000000     1.1418990731     0.1858731154
 342.000000     1.1218068378     0.1809526449
 343.000000     1.1124719839     0.1666193719
 344.000000     1.1023198038     0.1690166095
 345.000000     1.1138750390     0.1660488989
 346.000000     1.1182944184     0.1668675927
 347.000000     1.0988526217     0.1739280304
 348.000000     1.0725082113     0.1638070800
 349.000000     1.1003503413     0.1683767582
 350.000000     1.0647140997     0.1795596818
 351.000000     1.0724894412     0.1788187276
 352.000000     1.0357838561     0.1519382872
 353.000000     1.0771234036     0.1434641261
 354.000000     1.0741444734     0.1580636433
 355.000000     1.1014980095     0.1647689039
 356.000000     1.1050949115     0.1494698659
 357.000000     1.1235976567     0.1585659398
 358.000000     1.0915305958     0.1453624961
 359.000000     1.0470739134     0.1474196209
 360.000000     1.0724554747     0.1581631597
 361.000000     1.0897498414     0.1582739747
 362.000000     1.0708512663     0.1616751072
 363.000000     1.0958606976     0.1526751420
 364.000000     1.0465418610     0.1372366357
 365.000000     1.0203391389     0.1459289993
 366.000000     1.0502073804     0.1325782970
 367.000000     1.0300587917     0.1489040285
 368.000000     1.0256378496     0.1492275217
 369.000000     1.0508632489     0.1265862594
 370.000000     1.0892849740     0.1325092089
 371.000000     1.0165154558     0.1378668275
 372.000000     1.1226563705     0.1449692507
 373.000000     1.1570267220     0.1592425525
 374.000000     1.1336443862     0.1587448714
 375.000000     1.0803159509     0.1586371076
 376.000000     1.1013245795     0.1672598417
 377.000000     1.0526486754     0.1613530951
 378.000000     1.0788817163     0.1536909921
 379.000000     1.0754635435     0.1611539577
 380.000000     1.0654757728     0.1591479715
 381.000000     1.0924736980     0.1490567488
 382.000000     1.0822110202     0.1505002558
 383.000000     1.1365034993     0.1554591126
 384.000000     1.1069006803     0.1558171479
 385.000000     1.1200196941     0.1501447848
 386.000000     1.0822662785     0.1484447196
 387.000000     1.0808131828     0.1462980960
 388.000000     1.0591445109     0.1398121458
 389.000000     1.0878779019     0.1608012593
 390.000000     1.1010374313     0.1475296510
 391.000000     1.0798125860     0.1531490072
 392.000000     1.0468362475     0.1486120325
 393.000000     1.0531288080     0.1355318106
 394.000000     1.0487179360     0.1374939495
 395.000000     1.0440404432     0.1344043405
 396.000000     1.0263236300     0.1572261834
 397.000000     1.0792034004     0.1292505914
 398.000000     1.0784504497     0.1267586629
 399.000000     1.0987029032     0.1262013656
 400.000000     1.0867079575     0.1385625908
 401.000000     1.0744330341     0.1414587007
 402.000000     1.0072300462     0.1266251281
 403.000000     1.0623369259     0.1408570557
 404.000000     1.0531553282     0.1353126007
 405.000000     1.0652675402     0.1436414192
 406.000000     1.0439116503     0.1365073605
 407.000000     1.0879807559     0.1415407369
 408.000000     1.0632182924     0.1491414973
 409.000000     1.0284988044     0.1597966310
 410.000000     1.0779122329     0.1493701952
 411.000000     1.0625405728     0.1490795572
 412.000000     1.0115721600     0.1546729080
 413.000000     1.0421969687     0.1524468149
 414.000000     0.9793881264     0.1386537164
 415.000000     1.0147662178     0.1409345182
 416.000000     0.9701131025     0.1294736312
 417.000000     0.9780568859     0.1321699263
 418.000000     0.9497217293     0.1351371554
 419.000000     0.9722774082     0.1377944832
 420.000000     0.9723455304     0.1473926275
 421.000000     1.0050405913     0.1419326031
 422.000000     0.9800759773     0.1446763639
 423.000000     1.0176509991     0.1553340367
 424.000000     1.0198180963     0.1471710684
 425.000000     1.0153629482     0.1448325811
 426.000000     1.0421827009     0.1432891997
 427.000000     0.9992503185     0.1563377957
 428.000000     1.0184334057     0.1370910145
 429.000000     1.0193395183     0.1447107905
 430.000000     0.9988995444     0.1404591687
 431.000000     1.0232309508     0.1433010648
 432.000000     1.0394909547     0.1530067120
 433.000000     0.9899090683     0.1517878481
 434.000000     1.0446913566     0.1552900909
 435.000000     1.0188842889     0.1531550044
 436.000000     1.0440271551     0.1624111755
 437.000000     1.0216784851     0.1496282211
 438.000000     1.0242527038     0.1600211567
 439.000000     1.0186949953     0.1497095903
 440.000000     1.0020588282     0.1519832983
 441.000000     1.0016726139     0.1438331413
 442.000000     1.0472813641     0.1598344450
 443.000000     1.0240222130     0.1529430030
 444.000000     1.0169192974     0.1644711692
 445.000000     1.0374960784     0.1675101643
 446.000000     1.0538529501     0.1598376416
 447.000000     1.0508776241     0.1608112673
 448.000000     1.0491181174     0.1500349970
 449.000000     1.0428831556     0.1438141122
 450.000000     1.0741946637     0.1653929139
 451.000000     1.0458978972     0.1643683251
 452.000000     1.0240131831     0.1653273659
 453.000000     1.0658976501     0.1600834949
 454.000000     1.0575683145     0.1529199153
 455.000000     1.0001035601     0.1571203131
 456.000000     1.0240275131     0.1504803458
 457.000000     0.9923110702     0.1565236291
 458.000000     0.9839624011     0.1633667722
 459.000000     0.9754237201     0.1550532178
 460.000000     1.0093284988     0.1525470573
 461.000000     1.0220587444     0.1631966876
 462.000000     1.0207802611     0.1610313633
 463.000000     0.9955186888     0.1538225544
 464.000000     1.0163279657     0.1513574113
 465.000000     1.0288075637     0.1571347322
 466.000000     1.0401743527     0.1529913059
 467.000000     1.0257214583     0.1504147091
 468.000000     1.0435902149     0.1558642492
 469.000000     1.0414487523     0.1592176198
 470.000000     1.0301429284     0.1728569624
 471.000000     1.0224189189     0.1553529332
 472.000000     1.0027314466     0.1575848001
 473.000000     1.0255820280     0.1539240594
 474.000000     1.0305061728     0.1608214513
 475.000000     1.0088903690     0.1588095310
 476.000000     1.0079118592     0.1554790183
 477.000000     1.0008160930     0.1637013852
 478.000000     1.0163224941     0.1491447041
 479.000000     1.0571048733     0.1570002639
 480.000000     1.0271053498     0.1503145248
 481.000000     1.0305993689     0.1649941832
 482.000000     1.0253857515     0.1517911680
 483.000000     1.0268202306     0.1601804556
 484.000000     1.0624796113     0.1611136792
 485.000000     1.0260837619     0.1628107167
 486.000000     1.0351076077     0.1603478940
 487.000000     1.0139657575     0.1512320881
 488.000000     1.0134805134     0.1550114397
 489.000000     1.0086717565     0.1547827674
 490.000000     1.0214738963     0.1601251915
 491.000000     1.0174752610     0.1605577583
 492.000000     1.0357535711     0.1633575863
 493.000000     1.0081921506     0.1652946073
 494.000000     1.0409135972     0.1663336506
 495.000000     1.0343385746     0.1724837919
 496.000000     1.0465315301     0.1757451171
 497.000000     1.0441814109     0.1803327502
 498.000000     1.0407988200     0.1673778825
 499.000000     1.0497618463     0.1768490134
 500.000000     1.0203112927     0.1770249054
